#     t     Est    Nord sigE sigN
    0.0    2.61    0.02  2.0  2.0
    0.5    1.39   -0.14  2.0  2.0
    1.0   -2.84    1.19  2.0  2.0
    1.5   -1.13   -1.52  2.0  2.0
    2.0   -4.18   -1.77  2.0  2.0
    2.5   -5.66   -2.58  2.0  2.0
    3.0   -1.84   -4.91  2.0  2.0
    3.5   -1.11   -4.18  2.0  2.0
    4.0   -1.56   -9.26  2.0  2.0
    4.5   -6.85  -10.74  2.0  2.0
    5.0   -7.86  -13.00  2.0  2.0
    5.5  -11.54  -18.93  2.0  2.0
    6.0   -5.65  -20.59  2.0  2.0
    6.5   -6.70  -24.77  2.0  2.0
    7.0   -9.16  -27.71  2.0  2.0
    7.5  -13.01  -33.39  2.0  2.0
    8.0  -16.37  -32.42  2.0  2.0
    8.5  -16.16  -36.57  2.0  2.0
    9.0  -16.25  -37.12  2.0  2.0
    9.5  -11.36  -41.52  2.0  2.0
   10.0  -13.28  -46.78  2.0  2.0
   10.5  -14.58  -48.43  2.0  2.0
   11.0  -16.43  -54.22  2.0  2.0
   11.5  -17.44  -56.11  2.0  2.0
   12.0  -11.96  -59.19  2.0  2.0
   12.5  -10.85  -63.83  2.0  2.0
   13.0   -7.59  -70.26  2.0  2.0
   13.5   -9.82  -72.28  2.0  2.0
   14.0   -9.95  -77.30  2.0  2.0
   14.5  -10.02  -75.31  2.0  2.0
   15.0   -4.48  -89.42  2.0  2.0
   15.5   -4.14  -93.20  2.0  2.0
   16.0    3.14  -97.08  2.0  2.0
   16.5    3.21 -102.10  2.0  2.0
   17.0    4.60 -111.26  2.0  2.0
   17.5    8.55 -117.29  2.0  2.0
   18.0    9.87 -123.07  2.0  2.0
   18.5   13.28 -131.79  2.0  2.0
   19.0   14.95 -136.80  2.0  2.0
   19.5   13.98 -141.74  2.0  2.0
   20.0   11.38 -147.10  2.0  2.0
   20.5   14.87 -154.61  2.0  2.0
   21.0   18.73 -161.63  2.0  2.0
   21.5   17.56 -169.27  2.0  2.0
   22.0   16.31 -173.35  2.0  2.0
   22.5   22.77 -182.02  2.0  2.0
   23.0   20.90 -187.18  2.0  2.0
   23.5   24.63 -194.00  2.0  2.0
   24.0   22.87 -197.10  2.0  2.0
   24.5   31.99 -204.78  2.0  2.0
   25.0   34.28 -211.28  2.0  2.0
   25.5   37.49 -211.53  2.0  2.0
   26.0   28.75 -221.32  2.0  2.0
   26.5   33.19 -229.31  2.0  2.0
   27.0   34.18 -228.24  2.0  2.0
   27.5   36.19 -229.57  2.0  2.0
   28.0   41.95 -237.22  2.0  2.0
   28.5   45.16 -238.73  2.0  2.0
   29.0   48.29 -241.77  2.0  2.0
   29.5   51.23 -244.90  2.0  2.0
   30.0   54.24 -248.35  2.0  2.0
   30.5   55.21 -250.59  2.0  2.0
   31.0   56.42 -253.33  2.0  2.0
   31.5   60.11 -254.95  2.0  2.0
   32.0   61.69 -256.74  2.0  2.0
   32.5   66.94 -256.83  2.0  2.0
   33.0   64.56 -256.28  2.0  2.0
   33.5   70.35 -259.93  2.0  2.0
   34.0   72.76 -257.88  2.0  2.0
   34.5   70.46 -256.93  2.0  2.0
   35.0   75.72 -256.76  2.0  2.0
   35.5   72.35 -259.31  2.0  2.0
   36.0   75.31 -260.33  2.0  2.0
   36.5   77.51 -258.06  2.0  2.0
   37.0   83.09 -254.79  2.0  2.0
   37.5   81.91 -253.70  2.0  2.0
   38.0   81.06 -256.60  2.0  2.0
   38.5   83.70 -257.73  2.0  2.0
   39.0   84.60 -255.06  2.0  2.0
   39.5   84.43 -257.44  2.0  2.0
   40.0   79.13 -254.42  2.0  2.0
   40.5   80.68 -254.27  2.0  2.0
   41.0   76.13 -250.81  2.0  2.0
   41.5   77.45 -254.92  2.0  2.0
   42.0   73.75 -249.46  2.0  2.0
   42.5   73.64 -247.29  2.0  2.0
   43.0   72.25 -249.91  2.0  2.0
   43.5   73.58 -246.94  2.0  2.0
   44.0   67.62 -241.13  2.0  2.0
   44.5   61.80 -239.44  2.0  2.0
   45.0   60.54 -243.01  2.0  2.0
   45.5   60.71 -242.95  2.0  2.0
   46.0   53.38 -240.16  2.0  2.0
   46.5   49.94 -239.38  2.0  2.0
   47.0   46.70 -239.49  2.0  2.0
   47.5   45.50 -236.40  2.0  2.0
   48.0   44.02 -236.10  2.0  2.0
   48.5   35.99 -236.88  2.0  2.0
   49.0   33.80 -239.08  2.0  2.0
   49.5   29.22 -231.97  2.0  2.0
   50.0   25.35 -230.79  2.0  2.0
   50.5   23.00 -230.01  2.0  2.0
   51.0   15.91 -231.49  2.0  2.0
   51.5   13.65 -230.68  2.0  2.0
   52.0    5.38 -230.16  2.0  2.0
   52.5    3.54 -233.01  2.0  2.0
   53.0   -2.68 -233.60  2.0  2.0
   53.5   -4.11 -227.78  2.0  2.0
   54.0   -8.54 -233.06  2.0  2.0
   54.5  -13.00 -231.24  2.0  2.0
   55.0  -14.95 -229.26  2.0  2.0
   55.5  -17.23 -229.10  2.0  2.0
   56.0  -13.40 -225.98  2.0  2.0
   56.5  -21.95 -223.57  2.0  2.0
   57.0  -23.92 -225.38  2.0  2.0
   57.5  -24.46 -226.97  2.0  2.0
   58.0  -24.37 -226.51  2.0  2.0
   58.5  -22.49 -225.82  2.0  2.0
   59.0  -23.36 -222.55  2.0  2.0
   59.5  -20.98 -223.30  2.0  2.0
   60.0  -21.26 -225.82  2.0  2.0
   60.5  -17.94 -225.12  2.0  2.0
   61.0  -19.28 -226.74  2.0  2.0
   61.5  -19.91 -222.94  2.0  2.0
   62.0  -18.58 -226.58  2.0  2.0
   62.5  -15.18 -225.64  2.0  2.0
   63.0  -14.17 -228.02  2.0  2.0
   63.5  -15.49 -226.61  2.0  2.0
   64.0  -12.80 -222.28  2.0  2.0
   64.5  -15.31 -226.32  2.0  2.0
   65.0  -15.43 -227.75  2.0  2.0
   65.5  -14.15 -227.81  2.0  2.0
   66.0  -14.50 -222.94  2.0  2.0
   66.5  -11.54 -228.58  2.0  2.0
   67.0  -12.05 -223.79  2.0  2.0
   67.5  -11.50 -230.96  2.0  2.0
   68.0   -8.16 -221.91  2.0  2.0
   68.5   -6.56 -222.85  2.0  2.0
   69.0   -8.06 -222.42  2.0  2.0
   69.5   -6.03 -227.27  2.0  2.0
   70.0   -3.68 -227.67  2.0  2.0
   70.5   -3.09 -224.91  2.0  2.0
   71.0   -0.36 -228.74  2.0  2.0
   71.5    1.13 -224.26  2.0  2.0
   72.0   -1.08 -227.86  2.0  2.0
   72.5    0.45 -225.73  2.0  2.0
   73.0    0.90 -227.66  2.0  2.0
   73.5   -0.19 -220.42  2.0  2.0
   74.0   -1.68 -217.83  2.0  2.0
   74.5   -1.58 -221.44  2.0  2.0
   75.0   -1.13 -220.97  2.0  2.0
   75.5   -1.61 -219.49  2.0  2.0
   76.0   -2.57 -224.62  2.0  2.0
   76.5    1.60 -223.82  2.0  2.0
   77.0    2.36 -216.33  2.0  2.0
   77.5    1.83 -222.82  2.0  2.0
   78.0    2.46 -219.67  2.0  2.0
   78.5   -1.34 -221.02  2.0  2.0
   79.0   -0.96 -215.65  2.0  2.0
   79.5    1.12 -214.46  2.0  2.0
   80.0    7.42 -210.81  2.0  2.0
   80.5    7.45 -211.05  2.0  2.0
   81.0    6.07 -211.66  2.0  2.0
   81.5    4.51 -205.59  2.0  2.0
   82.0   10.31 -203.87  2.0  2.0
   82.5    9.76 -203.49  2.0  2.0
   83.0    6.20 -203.57  2.0  2.0
   83.5    6.25 -200.49  2.0  2.0
   84.0    6.68 -201.56  2.0  2.0
   84.5    4.36 -201.66  2.0  2.0
   85.0    5.13 -194.12  2.0  2.0
   85.5    6.84 -195.20  2.0  2.0
   86.0    5.27 -196.10  2.0  2.0
   86.5    6.61 -195.45  2.0  2.0
   87.0   -0.89 -192.96  2.0  2.0
   87.5    0.74 -192.99  2.0  2.0
   88.0   -0.32 -193.87  2.0  2.0
   88.5   -8.02 -193.50  2.0  2.0
   89.0   -4.07 -190.79  2.0  2.0
   89.5   -8.12 -185.04  2.0  2.0
   90.0   -4.45 -183.16  2.0  2.0
   90.5   -5.73 -187.72  2.0  2.0
   91.0   -4.53 -180.22  2.0  2.0
   91.5   -2.52 -182.28  2.0  2.0
   92.0   -5.95 -177.42  2.0  2.0
   92.5   -3.81 -174.26  2.0  2.0
   93.0   -7.76 -175.43  2.0  2.0
   93.5   -9.43 -175.59  2.0  2.0
   94.0  -11.68 -173.69  2.0  2.0
   94.5   -8.19 -172.47  2.0  2.0
   95.0   -5.21 -173.89  2.0  2.0
   95.5   -2.52 -175.25  2.0  2.0
   96.0   -3.69 -175.48  2.0  2.0
   96.5   -7.42 -171.63  2.0  2.0
   97.0   -4.58 -174.50  2.0  2.0
   97.5   -6.87 -176.19  2.0  2.0
   98.0   -8.27 -177.80  2.0  2.0
   98.5   -7.65 -175.88  2.0  2.0
   99.0  -14.86 -177.13  2.0  2.0
   99.5   -9.52 -176.66  2.0  2.0
  100.0  -13.45 -183.20  2.0  2.0
  100.5  -16.17 -181.74  2.0  2.0
  101.0  -17.79 -181.14  2.0  2.0
  101.5  -15.67 -185.01  2.0  2.0
  102.0  -18.09 -183.30  2.0  2.0
  102.5  -24.18 -180.58  2.0  2.0
  103.0  -22.01 -182.85  2.0  2.0
  103.5  -23.80 -182.42  2.0  2.0
  104.0  -29.12 -185.12  2.0  2.0
  104.5  -31.98 -183.66  2.0  2.0
  105.0  -29.62 -186.83  2.0  2.0
  105.5  -27.67 -184.82  2.0  2.0
  106.0  -30.45 -189.04  2.0  2.0
  106.5  -32.82 -188.08  2.0  2.0
  107.0  -30.61 -195.20  2.0  2.0
  107.5  -35.94 -190.64  2.0  2.0
  108.0  -32.96 -193.12  2.0  2.0
  108.5  -39.58 -191.35  2.0  2.0
  109.0  -35.95 -193.44  2.0  2.0
  109.5  -36.44 -192.23  2.0  2.0
  110.0  -33.79 -192.76  2.0  2.0
  110.5  -34.98 -198.91  2.0  2.0
  111.0  -37.47 -192.22  2.0  2.0
  111.5  -33.47 -192.93  2.0  2.0
  112.0  -38.32 -200.01  2.0  2.0
  112.5  -39.04 -198.59  2.0  2.0
  113.0  -36.97 -199.72  2.0  2.0
  113.5  -34.37 -203.91  2.0  2.0
  114.0  -33.77 -211.31  2.0  2.0
  114.5  -32.41 -211.86  2.0  2.0
  115.0  -31.00 -218.28  2.0  2.0
  115.5  -33.78 -214.30  2.0  2.0
  116.0  -32.48 -212.90  2.0  2.0
  116.5  -29.83 -219.56  2.0  2.0
  117.0  -34.78 -215.98  2.0  2.0
  117.5  -37.68 -217.82  2.0  2.0
  118.0  -34.19 -219.16  2.0  2.0
  118.5  -42.86 -222.82  2.0  2.0
  119.0  -43.72 -220.41  2.0  2.0
  119.5  -47.38 -225.71  2.0  2.0
