#     t     Est    Nord
    0.0    0.00    0.00
    0.5    0.60   -0.65
    1.0    0.14   -0.50
    1.5   -0.98   -0.52
    2.0   -2.53   -1.34
    2.5   -3.37   -2.80
    3.0   -4.02   -4.19
    3.5   -4.17   -5.56
    4.0   -4.44   -7.74
    4.5   -5.44  -10.73
    5.0   -6.36  -13.39
    5.5   -7.64  -16.46
    6.0   -8.96  -19.15
    6.5   -9.85  -22.23
    7.0  -11.19  -25.96
    7.5  -12.48  -29.36
    8.0  -13.24  -33.09
    8.5  -13.68  -36.76
    9.0  -14.24  -39.86
    9.5  -14.26  -42.65
   10.0  -14.21  -46.02
   10.5  -14.07  -49.19
   11.0  -14.03  -52.33
   11.5  -13.73  -55.75
   12.0  -12.85  -60.02
   12.5  -11.19  -63.85
   13.0   -9.74  -68.40
   13.5   -8.75  -73.19
   14.0   -7.24  -78.47
   14.5   -5.78  -83.58
   15.0   -4.09  -88.93
   15.5   -1.61  -94.63
   16.0    1.11 -100.65
   16.5    3.75 -106.73
   17.0    6.42 -113.17
   17.5    8.42 -118.73
   18.0   10.02 -124.02
   18.5   11.73 -129.87
   19.0   13.55 -136.50
   19.5   14.86 -143.17
   20.0   15.90 -149.83
   20.5   16.96 -156.31
   21.0   17.63 -161.94
   21.5   17.64 -167.94
   22.0   18.69 -174.07
   22.5   19.83 -180.52
   23.0   21.13 -186.74
   23.5   22.40 -193.01
   24.0   24.68 -199.43
   24.5   27.71 -205.06
   25.0   30.59 -210.27
   25.5   32.17 -215.01
   26.0   33.53 -220.25
   26.5   35.13 -225.02
   27.0   36.69 -228.91
   27.5   38.37 -232.23
   28.0   41.02 -235.53
   28.5   44.00 -239.01
   29.0   47.19 -242.26
   29.5   50.71 -245.16
   30.0   53.30 -247.42
   30.5   56.11 -249.26
   31.0   58.60 -252.08
   31.5   61.40 -253.99
   32.0   63.71 -255.48
   32.5   65.69 -256.38
   33.0   67.26 -257.39
   33.5   68.54 -257.79
   34.0   70.17 -258.02
   34.5   72.12 -257.83
   35.0   74.54 -257.88
   35.5   76.45 -258.08
   36.0   78.62 -258.03
   36.5   80.81 -257.40
   37.0   82.08 -256.90
   37.5   82.87 -256.29
   38.0   83.46 -255.93
   38.5   84.29 -255.71
   39.0   84.08 -255.00
   39.5   83.06 -255.11
   40.0   81.48 -254.99
   40.5   79.35 -254.40
   41.0   77.84 -254.17
   41.5   76.98 -253.11
   42.0   76.26 -251.70
   42.5   74.81 -250.11
   43.0   72.53 -248.52
   43.5   69.48 -246.48
   44.0   65.83 -244.88
   44.5   63.42 -242.76
   45.0   60.70 -241.07
   45.5   57.19 -240.18
   46.0   53.72 -239.20
   46.5   50.46 -238.46
   47.0   47.78 -238.19
   47.5   44.40 -237.30
   48.0   41.66 -237.25
   48.5   38.26 -235.88
   49.0   34.53 -234.69
   49.5   30.57 -233.16
   50.0   26.70 -231.24
   50.5   21.83 -230.14
   51.0   16.87 -229.95
   51.5   12.32 -229.58
   52.0    7.20 -229.72
   52.5    3.12 -230.14
   53.0   -0.58 -230.30
   53.5   -4.62 -230.23
   54.0   -8.10 -230.26
   54.5  -11.55 -230.46
   55.0  -14.33 -229.70
   55.5  -16.73 -229.22
   56.0  -18.95 -228.32
   56.5  -21.07 -227.39
   57.0  -22.35 -226.18
   57.5  -23.26 -225.99
   58.0  -23.42 -226.35
   58.5  -23.24 -226.12
   59.0  -22.91 -225.64
   59.5  -22.18 -224.84
   60.0  -20.79 -224.97
   60.5  -19.96 -224.74
   61.0  -18.41 -224.87
   61.5  -17.10 -224.36
   62.0  -15.98 -223.78
   62.5  -15.37 -223.85
   63.0  -15.63 -224.19
   63.5  -15.61 -224.00
   64.0  -15.95 -224.36
   64.5  -15.38 -225.06
   65.0  -14.66 -225.99
   65.5  -13.61 -226.43
   66.0  -12.38 -226.61
   66.5  -10.66 -226.52
   67.0   -9.35 -226.30
   67.5   -8.39 -225.67
   68.0   -8.09 -224.61
   68.5   -7.64 -224.21
   69.0   -5.81 -224.53
   69.5   -4.23 -225.81
   70.0   -3.30 -227.26
   70.5   -1.90 -227.15
   71.0   -1.37 -227.41
   71.5   -0.18 -227.31
   72.0   -0.04 -226.36
   72.5    0.43 -225.03
   73.0    0.32 -224.03
   73.5    0.32 -223.08
   74.0   -0.05 -222.23
   74.5    0.05 -221.05
   75.0    0.07 -220.20
   75.5    0.50 -219.57
   76.0    1.20 -219.83
   76.5    1.72 -219.08
   77.0    1.37 -218.15
   77.5    0.85 -218.08
   78.0    0.50 -218.08
   78.5    0.73 -217.77
   79.0    1.39 -215.38
   79.5    2.46 -213.12
   80.0    4.08 -210.75
   80.5    5.02 -208.07
   81.0    5.70 -206.80
   81.5    6.34 -206.16
   82.0    7.18 -205.20
   82.5    7.87 -203.81
   83.0    7.94 -202.37
   83.5    7.59 -200.96
   84.0    7.58 -198.88
   84.5    7.30 -197.27
   85.0    7.23 -196.41
   85.5    6.61 -195.50
   86.0    5.09 -195.81
   86.5    3.82 -196.10
   87.0    1.99 -196.18
   87.5   -0.32 -195.19
   88.0   -2.13 -193.98
   88.5   -3.29 -191.94
   89.0   -3.58 -189.47
   89.5   -3.48 -187.17
   90.0   -3.69 -185.15
   90.5   -4.18 -183.26
   91.0   -4.74 -181.22
   91.5   -5.04 -179.25
   92.0   -5.70 -177.48
   92.5   -5.79 -176.10
   93.0   -6.15 -175.26
   93.5   -6.92 -174.72
   94.0   -7.64 -174.05
   94.5   -7.32 -173.79
   95.0   -6.41 -174.03
   95.5   -5.33 -174.03
   96.0   -4.93 -174.10
   96.5   -5.32 -173.61
   97.0   -5.84 -173.70
   97.5   -6.48 -174.41
   98.0   -7.17 -175.08
   98.5   -8.30 -176.44
   99.0   -9.70 -177.80
   99.5  -11.19 -179.26
  100.0  -11.90 -180.14
  100.5  -13.02 -181.71
  101.0  -14.42 -182.12
  101.5  -16.59 -182.43
  102.0  -19.36 -182.07
  102.5  -21.88 -181.65
  103.0  -24.62 -181.96
  103.5  -26.91 -182.85
  104.0  -28.53 -183.80
  104.5  -29.50 -184.40
  105.0  -29.99 -185.51
  105.5  -30.68 -186.84
  106.0  -31.36 -187.92
  106.5  -32.64 -188.93
  107.0  -33.95 -189.72
  107.5  -34.53 -190.46
  108.0  -35.19 -191.74
  108.5  -35.65 -193.48
  109.0  -35.79 -194.22
  109.5  -36.37 -194.57
  110.0  -35.75 -194.61
  110.5  -35.21 -195.29
  111.0  -34.74 -195.50
  111.5  -35.16 -196.55
  112.0  -35.94 -198.41
  112.5  -36.19 -200.43
  113.0  -36.13 -203.32
  113.5  -35.98 -206.57
  114.0  -35.65 -209.60
  114.5  -34.52 -212.20
  115.0  -33.79 -214.91
  115.5  -33.45 -216.21
  116.0  -33.63 -216.53
  116.5  -34.11 -217.01
  117.0  -35.52 -218.27
  117.5  -37.62 -219.56
  118.0  -39.83 -220.87
  118.5  -42.14 -221.09
  119.0  -44.19 -221.33
  119.5  -46.77 -221.20
